    21      3    190
     4      9      7 
   130    129    125 
     0      1      2 
   128    127    123 
   127    126    122 
   129    128    124 
     9     14     16 
     1      4      3 
     7      9     16 
   124    128    123 
   124    123    118 
   118    123    119 
   124    118    121 
   123    127    122 
     3      4      7 
     3      7      8 
     3      8      5 
     8      7     12 
   129    124    125 
     1      3      2 
    12      7     16 
     5      8     10 
   121    118    116 
   119    123    122 
     3      5      2 
     8     12     13 
   124    121    125 
   118    119    115 
    13     18     22 
   115    117    113 
   116    118    115 
    10      8     13 
   121    116    120 
     5     10      6 
    17     11     15 
    15     11     10 
    17     15     21 
    17     21     23 
    21     15     19 
    19     15     10 
    21     19     25 
    25     19     24 
    24     19     20 
    24     20     26 
    20     19     13 
    25     24     29 
    29     24     30 
    25     29     31 
    25     31     27 
    25     27     21 
    21     27     23 
    23     27     28 
    27     31     32 
    32     31     36 
    36     31     33 
    36     33     39 
    39     33     38 
    32     36     37 
    37     36     41 
    37     41     42 
    42     41     50 
    42     50     55 
    55     50     66 
    66     50     62 
    62     50     46 
    46     50     41 
    46     41     39 
    46     39     45 
    39     41     36 
    62     46     58 
    31     29     33 
    33     29     34 
    55     66     70 
    55     70     64 
    64     70     77 
    70     66     78 
    70     78     83 
    83     78     94 
    83     94     99 
    99     94    103 
   103     94    101 
   101     94     90 
   101     90    100 
    90     94     78 
    90     78     75 
    75     78     66 
    75     66     62 
    75     62     72 
    90     75     87 
    99    103    104 
   104    103    108 
   104    108    109 
   109    108    112 
    99    104    102 
   102    104    107 
   108    103    106 
   106    103    101 
   106    101    105 
   108    106    111 
   111    106    110 
   108    111    112 
   112    111    116 
   112    116    115 
   112    115    109 
   104    109    107 
   107    109    113 
    70     83     77 
    77     83     93 
    32     37     35 
    35     37     40 
    83     99     93 
    93     99    102 
    42     55     49 
    49     55     64 
    27     32     28 
    28     32     35 
    37     42     40 
    40     42     49 
   120    125    121 
   120    116    114 
    45     58     46 
    26     30     24 
   100    105    101 
   117    115    119 
   117    119    122 
    18     13     12 
    18     12     16 
     6      2      5 
     6     10     11 
    72     87     75 
    34     38     33 
   110    114    111 
    58     72     62 
   105    110    106 
    30     34     29 
    22     26     20 
    87    100     90 
    38     45     39 
    10     13     19 
    20     13     22 
   113    109    115 
   116    111    114 
    96     92     89 
    59     52     61 
    65     71     68 
    43     47     53 
    73     67     69 
    91     95     85 
    79     84     80 
    88     82     81 
    48     44     54 
    51     56     57 
    97     98     86 
    52     48     61 
    92     88     81 
    71     79     80 
    47     51     53 
    95     97     85 
    67     59     61 
    84     91     80 
    44     43     53 
    82     73     81 
    98     96     89 
    56     65     68 
    89     92     81 
    54     44     53 
    69     67     61 
    68     71     80 
    86     98     89 
    57     56     68 
    48     54     61 
    73     69     81 
    97     86     85 
    91     85     80 
    51     57     53 
    89     81     76 
    86     89     76 
    85     86     74 
    61     54     63 
    53     57     63 
    69     61     63 
    80     85     74 
    54     53     63 
    57     68     74 
    81     69     76 
    68     80     74 
    74     86     76 
    74     76     63 
    63     76     69 
    74     63     57 