+2.000000000000e+000 +1.000000000000e+001 
+1.500000000000e+000 +1.000000000000e+001 
+2.000000000000e+000 +9.444444444400e+000 
+1.250000000000e+000 +9.523686027900e+000 
+1.000000000000e+000 +1.000000000000e+001 
+1.507600006800e+000 +9.096814324300e+000 
+2.000000000000e+000 +8.888888888900e+000 
+7.500000000000e-001 +9.523686027900e+000 
+1.000000000000e+000 +9.047372055800e+000 
+5.000000000000e-001 +1.000000000000e+001 
+1.288000033900e+000 +8.579680204300e+000 
+2.000000000000e+000 +8.333333333300e+000 
+4.923999932200e-001 +9.096814324300e+000 
+7.119999660800e-001 +8.579680204300e+000 
+0.000000000000e+000 +1.000000000000e+001 
+1.523686027900e+000 +8.055555555600e+000 
+0.000000000000e+000 +9.444444444400e+000 
+2.000000000000e+000 +7.777777777800e+000 
+0.000000000000e+000 +8.888888888900e+000 
+1.017841164100e+000 +7.922412906400e+000 
+4.655371738300e-001 +7.996262427700e+000 
+1.521888636600e+000 +7.505209625400e+000 
+0.000000000000e+000 +8.333333333300e+000 
+2.000000000000e+000 +7.222222222200e+000 
+5.692100026200e-001 +7.508582632800e+000 
+1.044566307600e+000 +7.231919694600e+000 
+0.000000000000e+000 +7.777777777800e+000 
+1.519916414700e+000 +6.955256778100e+000 
+2.000000000000e+000 +6.666666666700e+000 
+5.672933977200e-001 +6.958584609000e+000 
+0.000000000000e+000 +7.222222222200e+000 
+1.042644393800e+000 +6.681922711800e+000 
+1.517994612700e+000 +6.405260114400e+000 
+5.653724697700e-001 +6.408588645100e+000 
+0.000000000000e+000 +6.666666666700e+000 
+2.000000000000e+000 +6.111111111100e+000 
+1.040722674900e+000 +6.131926063700e+000 
+1.516072873100e+000 +5.855263470400e+000 
+0.000000000000e+000 +6.111111111100e+000 
+5.634507491500e-001 +5.858592002100e+000 
+2.000000000000e+000 +5.555555555600e+000 
+1.038800940400e+000 +5.581929420800e+000 
+1.514151137300e+000 +5.305266827700e+000 
-5.845849858500e-001 +5.909631994800e+000 
-3.451392653500e-001 +5.755749573700e+000 
+0.000000000000e+000 +5.555555555600e+000 
+5.615290082200e-001 +5.308595371200e+000 
-8.576851601600e-001 +5.989821441700e+000 
-1.587464668300e-001 +5.540640816900e+000 
+2.000000000000e+000 +5.000000000000e+000 
+1.036879205000e+000 +5.031932778100e+000 
-1.142314836400e+000 +5.989821442200e+000 
-4.050702629600e-002 +5.281732556500e+000 
-8.044148338100e-001 +5.666101901100e+000 
-4.753414119500e-001 +5.454619253700e+000 
+1.512229401800e+000 +4.755270185000e+000 
-1.415415011800e+000 +5.909631995900e+000 
-1.195585163900e+000 +5.666101900700e+000 
+0.000000000000e+000 +5.000000000000e+000 
+0.000000000000e+000 +5.000000000000e+000 
-4.943403017200e-002 +5.000000000000e+000 
-3.128433843500e-001 +5.098798205800e+000 
+5.596072727300e-001 +4.758598728500e+000 
-7.675007363000e-001 +5.188298771100e+000 
+2.000000000000e+000 +4.444444444400e+000 
-1.654860733800e+000 +5.755749574500e+000 
+1.034957469500e+000 +4.481936135400e+000 
-4.050702693800e-002 +4.718267441300e+000 
-1.524658587500e+000 +5.454619254300e+000 
-3.685127272600e-001 +4.711609424200e+000 
+1.510307666300e+000 +4.205273542300e+000 
-1.841253532500e+000 +5.540640817900e+000 
+0.000000000000e+000 +4.444444444400e+000 
-1.587464680800e-001 +4.459359181100e+000 
-1.301051933900e+000 +5.043729668000e+000 
+5.576855372300e-001 +4.208602085900e+000 
-9.147556989700e-001 +4.677131044300e+000 
+2.000000000000e+000 +3.888888888900e+000 
+1.033035734000e+000 +3.931939492800e+000 
-1.959492973400e+000 +5.281732557400e+000 
-1.745348182200e+000 +5.107228452900e+000 
-6.246748171100e-001 +4.415982614100e+000 
-3.451392671000e-001 +4.244250424700e+000 
+1.508385930800e+000 +3.655276899700e+000 
-2.000000000000e+000 +5.000000001200e+000 
-1.631487273600e+000 +4.711609426600e+000 
-1.329248315600e+000 +4.508721584400e+000 
+0.000000000000e+000 +3.888888888900e+000 
-5.845849879600e-001 +4.090368004200e+000 
-1.057919239000e+000 +4.285240936100e+000 
+5.557638017400e-001 +3.658605443200e+000 
-1.959492974100e+000 +4.718267444800e+000 
-8.576851624600e-001 +4.010178558000e+000 
+2.000000000000e+000 +3.333333333300e+000 
+1.031113998500e+000 +3.381942850100e+000 
-1.841253533800e+000 +4.459359184100e+000 
-1.142314838700e+000 +4.010178558200e+000 
-1.654860735300e+000 +4.244250426900e+000 
-1.415415013100e+000 +4.090368004700e+000 
+1.506464195300e+000 +3.105280257000e+000 
+0.000000000000e+000 +3.333333333300e+000 
+5.538420662400e-001 +3.108608800500e+000 
+2.000000000000e+000 +2.777777777800e+000 
+1.029192263000e+000 +2.831946207500e+000 
+1.504542459800e+000 +2.555283614400e+000 
+0.000000000000e+000 +2.777777777800e+000 
+5.519203307400e-001 +2.558612157900e+000 
+2.000000000000e+000 +2.222222222200e+000 
+1.027270527500e+000 +2.281949564800e+000 
+1.502620724300e+000 +2.005286971700e+000 
+0.000000000000e+000 +2.222222222200e+000 
+5.499985952500e-001 +2.008615515200e+000 
+1.025348792000e+000 +1.731952922100e+000 
+2.000000000000e+000 +1.666666666700e+000 
+0.000000000000e+000 +1.666666666700e+000 
+1.288000033900e+000 +1.420319795700e+000 
+7.119999660800e-001 +1.420319795700e+000 
+2.000000000000e+000 +1.111111111100e+000 
+1.000000000000e+000 +9.526279441600e-001 
+1.507600006800e+000 +9.031856757100e-001 
+0.000000000000e+000 +1.111111111100e+000 
+4.923999932200e-001 +9.031856757100e-001 
+2.000000000000e+000 +5.555555555600e-001 
+1.250000000000e+000 +4.763139720800e-001 
+7.500000000000e-001 +4.763139720800e-001 
+0.000000000000e+000 +5.555555555600e-001 
+2.000000000000e+000 +0.000000000000e+000 
+1.500000000000e+000 +0.000000000000e+000 
+1.000000000000e+000 +0.000000000000e+000 
+5.000000000000e-001 +0.000000000000e+000 
+0.000000000000e+000 +0.000000000000e+000 